[INFO: Main      ] Starting Contiki-NG-develop/v4.9-587-gaa73221fb-dirty
[INFO: Main      ] - Routing: RPL Lite + movable node extension
[INFO: Main      ] - Net: sicslowpan
[INFO: Main      ] - MAC: TSCH
[INFO: Main      ] - 802.15.4 PANID: 0xabcd
[INFO: Main      ] - 802.15.4 TSCH default hopping sequence length: 2
[INFO: Main      ] Node ID: 62214
[INFO: Main      ] Link-layer address: 0012.4b00.0f19.f306
[INFO: Main      ] Tentative link-local IPv6 address: fe80::212:4b00:f19:f306
[INFO: CC26x0/CC13x0] TI SmartRF06EB + CC26xx EM
[INFO: CC26x0/CC13x0]  RF: Channel 26, PANID 0xABCD
Default TX value is 5
THe min Radio value is -21
THe max Radio value is 5
THe new Radio value is -5
0,-49,0,0,0,0
1,-47,0,1,1,0
2,-49,0,2,2,0
3,-47,0,3,3,0
4,-45,0,4,4,0
5,-47,0,5,5,0
6,-50,0,6,6,0
7,-48,0,7,7,0
8,-43,0,8,8,0
9,-48,0,9,9,0
10,-45,0,10,10,0
11,-50,0,11,11,0
12,-50,0,12,12,0
13,-49,0,13,13,0
14,-49,0,14,14,0
15,-51,0,15,15,0
16,-49,0,16,16,0
17,-49,0,17,17,0
18,-51,0,18,18,0
19,-51,0,19,19,0
20,-49,0,20,20,0
21,-59,0,21,21,0
22,-49,0,22,22,0
23,-49,0,23,23,0
24,-52,0,24,24,0
25,-50,0,25,25,0
26,-50,0,26,26,0
27,-49,0,27,27,0
28,-49,0,28,28,0
29,-50,0,29,29,0
30,-49,0,30,30,0
31,-54,0,31,31,0
32,-58,0,32,32,0
33,-56,0,33,33,0
34,-58,0,34,34,0
35,-58,0,35,35,0
36,-58,0,36,36,0
37,-58,0,37,37,0
38,-57,0,38,38,0
39,-58,0,39,39,0
40,-57,0,40,40,0
41,-70,0,41,41,0
42,-65,0,42,42,0
43,-66,0,43,43,0
44,-70,0,44,44,0
45,-66,0,45,45,0
46,-69,0,46,46,0
47,-67,0,47,47,0
48,-67,0,48,48,0
49,-68,0,49,49,0
50,-67,0,50,50,0
51,-73,0,51,51,0
52,-62,0,52,52,0
53,-63,0,53,53,0
54,-60,0,54,54,0
55,-63,0,55,55,0
56,-60,0,56,56,0
57,-60,0,57,57,0
58,-60,0,58,58,0
59,-61,0,59,59,0
60,-60,0,60,60,0
61,-72,0,61,61,0
62,-70,0,62,62,0
63,-61,0,63,63,0
64,-61,0,64,64,0
65,-65,0,65,65,0
66,-61,0,66,66,0
67,-61,0,67,67,0
68,-65,0,68,68,0
69,-64,0,69,69,0
70,-59,0,70,70,0
71,-61,0,71,71,0
72,-60,0,72,72,0
73,-61,0,73,73,0
74,-61,0,74,74,0
75,-61,0,75,75,0
76,-59,0,76,76,0
77,-61,0,77,77,0
78,-63,0,78,78,0
79,-62,0,79,79,0
80,-59,0,80,80,0
81,-59,0,81,81,0
82,-61,0,82,82,0
83,-61,0,83,83,0
84,-61,0,84,84,0
85,-63,0,85,85,0
86,-62,0,86,86,0
87,-61,0,87,87,0
88,-61,0,88,88,0
89,-61,0,89,89,0
90,-61,0,90,90,0
91,-61,0,91,91,0
92,-61,0,92,92,0
93,-64,0,93,93,0
94,-62,0,94,94,0
95,-64,0,95,95,0
96,-63,0,96,96,0
97,-61,0,97,97,0
98,-61,0,98,98,0
99,-61,0,99,99,0
100,-61,0,100,100,0
101,-67,0,101,101,0
102,-58,0,102,102,0
103,-61,0,103,103,0
104,-58,0,104,104,0
105,-60,0,105,105,0
106,-60,0,106,106,0
107,-59,0,107,107,0
108,-58,0,108,108,0
109,-60,0,109,109,0
110,-59,0,110,110,0
111,-61,0,111,111,0
112,-64,0,112,112,0
113,-64,0,113,113,0
114,-66,0,114,114,0
115,-66,0,115,115,0
116,-68,0,116,116,0
117,-67,0,117,117,0
118,-66,0,118,118,0
119,-66,0,119,119,0
120,-66,0,120,120,0
121,-64,0,121,121,0
122,-66,0,122,122,0
123,-66,0,123,123,0
124,-68,0,124,124,0
125,-64,0,125,125,0
126,-64,0,126,126,0
127,-64,0,127,127,0
128,-64,0,128,128,0
129,-67,0,129,129,0
130,-69,0,130,130,0
131,-71,0,131,131,0
132,-70,0,132,132,0
133,-70,0,133,133,0
134,-71,0,134,134,0
135,-75,0,135,135,0
136,-76,0,136,136,0
137,-72,0,137,137,0
138,-75,0,138,138,0
139,-73,0,139,139,0
140,-77,0,140,140,0
141,-70,0,141,141,0
142,-73,0,142,142,0
143,-76,0,143,143,0
144,-74,0,144,144,0
145,-69,0,145,145,0
146,-70,0,146,146,0
147,-69,0,147,147,0
148,-74,0,148,148,0
149,-72,0,149,149,0
150,-74,0,150,150,0
151,-70,0,151,151,0
152,-68,0,152,152,0
153,-74,0,153,153,0
154,-72,0,154,154,0
155,-70,0,155,155,0
156,-69,0,156,156,0
157,-67,0,157,157,0
158,-68,0,158,158,0
159,-66,0,159,159,0
160,-66,0,160,160,0
161,-65,0,161,161,0
162,-68,0,162,162,0
163,-66,0,163,163,0
164,-66,0,164,164,0
165,-65,0,165,165,0
166,-65,0,166,166,0
167,-65,0,167,167,0
168,-74,0,168,168,0
169,-89,0,169,169,0
170,-72,0,170,170,0
171,-70,0,171,171,0
172,-79,0,172,172,0
173,-70,0,173,173,0
174,-76,0,174,174,0
175,-71,0,175,175,0
176,-71,0,176,176,0
177,-73,0,177,177,0
178,-73,0,178,178,0
179,-74,0,179,179,0
180,-77,0,180,180,0
181,-76,0,181,181,0
182,-73,0,182,182,0
183,-77,0,183,183,0
184,-71,0,184,184,0
185,-78,0,185,185,0
186,-72,0,186,186,0
187,-77,0,187,187,0
188,-78,0,188,188,0
189,-78,0,189,189,0
190,-71,0,190,190,0
191,-71,0,191,191,0
192,-76,0,192,192,0
193,-76,0,193,193,0
194,-77,0,194,194,0
195,-80,0,195,195,0
196,-82,0,196,196,0
197,-81,0,197,197,0
198,-79,0,198,198,0
199,-80,0,199,199,0
200,-80,0,200,200,0
201,-76,0,201,201,0
202,-77,0,202,202,0
203,-71,0,203,203,0
204,-70,0,204,204,0
205,-70,0,205,205,0
206,-77,0,206,206,0
207,-72,0,207,207,0
208,-70,0,208,208,0
209,-71,0,209,209,0
210,-74,0,210,210,0
211,-74,0,211,211,0
212,-73,0,212,212,0
213,-69,0,213,213,0
214,-74,0,214,214,0
215,-72,0,215,215,0
216,-74,0,216,216,0
217,-77,0,217,217,0
218,-72,0,218,218,0
219,-76,0,219,219,0
220,-76,0,220,220,0
