time,RSSIBD,RSSIDC,DistDB,DistDC,DistBC,flying,movement
1717602809 , 59 , 1 , 0.446683 , 0.001995 , 0.448678 , 0 , 0.000000 
1717602813 , 59 , 1 , 0.446683 , 0.001995 , 0.448678 , 0 , 0.000000 
1717602819 , 57 , 1 , 0.354813 , 0.001995 , 0.356808 , 0 , 0.000000 
1717602823 , 59 , 1 , 0.446683 , 0.001995 , 0.448678 , 0 , 0.000000 
1717602828 , 59 , 1 , 0.446683 , 0.001995 , 0.448678 , 0 , 0.000000 
1717602833 , 60 , 47 , 0.501187 , 0.398107 , 0.899294 , 1 , 1.000000 
1717602838 , 59 , 46 , 0.446683 , 0.354813 , 0.801497 , 1 , 2.000000 
1717602843 , 65 , 49 , 0.891250 , 0.501187 , 1.392438 , 1 , 3.000000 
1717602848 , 72 , 47 , 1.995262 , 0.398107 , 2.393369 , 1 , 4.000000 
1717602852 , 76 , 56 , 3.162278 , 1.122018 , 4.284296 , 1 , 5.000000 
1717602857 , 89 , 50 , 14.125375 , 0.562341 , 14.687717 , 1 , 6.000000 
1717602862 , 90 , 69 , 15.848932 , 5.011872 , 20.860804 , 1 , 7.000000 
1717602872 , 91 , 65 , 17.782794 , 3.162278 , 20.945072 , 1 , 8.000000 
1717602877 , 76 , 64 , 3.162278 , 2.818383 , 5.980661 , 1 , 9.000000 
1717602882 , 57 , 63 , 0.354813 , 2.511886 , 2.866700 , 1 , 8.000000 
1717602887 , 84 , 74 , 7.943282 , 8.912509 , 16.855792 , 1 , 9.000000 
1717602893 , 83 , 60 , 7.079458 , 1.778279 , 8.857737 , 1 , 10.000000 
1717602898 , 73 , 57 , 2.238721 , 1.258925 , 3.497647 , 1 , 11.000000 
1717602902 , 80 , 67 , 5.011872 , 3.981072 , 8.992944 , 1 , 12.000000 
1717602908 , 77 , 64 , 3.548134 , 2.818383 , 6.366517 , 1 , 13.000000 
1717602913 , 78 , 65 , 3.981072 , 3.162278 , 7.143349 , 1 , 14.000000 
1717602918 , 81 , 69 , 5.623413 , 5.011872 , 10.635286 , 1 , 15.000000 
1717602924 , 73 , 64 , 2.238721 , 2.818383 , 5.057104 , 1 , 16.000000 
1717602929 , 76 , 61 , 3.162278 , 1.995262 , 5.157540 , 1 , 17.000000 
1717602934 , 76 , 63 , 3.162278 , 2.511886 , 5.674164 , 1 , 18.000000 
1717602939 , 76 , 60 , 3.162278 , 1.778279 , 4.940557 , 1 , 19.000000 
1717602944 , 77 , 60 , 3.548134 , 1.778279 , 5.326413 , 1 , 20.000000 
1717602949 , 73 , 72 , 2.238721 , 7.079458 , 9.318179 , 1 , 21.000000 
1717602954 , 77 , 64 , 3.548134 , 2.818383 , 6.366517 , 1 , 22.000000 
1717602960 , 80 , 62 , 5.011872 , 2.238721 , 7.250593 , 1 , 23.000000 
1717602965 , 79 , 61 , 4.466836 , 1.995262 , 6.462098 , 1 , 24.000000 
1717602970 , 78 , 62 , 3.981072 , 2.238721 , 6.219793 , 1 , 25.000000 
1717602975 , 79 , 65 , 4.466836 , 3.162278 , 7.629114 , 1 , 26.000000 
1717602980 , 78 , 70 , 3.981072 , 5.623413 , 9.604485 , 1 , 27.000000 
1717602985 , 79 , 70 , 4.466836 , 5.623413 , 10.090249 , 1 , 28.000000 
1717602991 , 79 , 64 , 4.466836 , 2.818383 , 7.285219 , 1 , 29.000000 
1717602996 , 86 , 60 , 10.000000 , 1.778279 , 11.778279 , 1 , 30.000000 
1717603001 , 89 , 61 , 14.125375 , 1.995262 , 16.120638 , 1 , 31.000000 
1717603007 , 87 , 64 , 11.220185 , 2.818383 , 14.038567 , 1 , 32.000000 
1717603011 , 77 , 62 , 3.548134 , 2.238721 , 5.786855 , 1 , 33.000000 
1717603015 , 77 , 68 , 3.548134 , 4.466836 , 8.014970 , 1 , 34.000000 
1717603020 , 74 , 67 , 2.511886 , 3.981072 , 6.492958 , 1 , 35.000000 
1717603026 , 71 , 1 , 1.778279 , 0.001995 , 1.780275 , 0 , 0.000000 
1717603031 , 73 , 71 , 2.238721 , 6.309573 , 8.548295 , 1 , 1.000000 
1717603035 , 83 , 72 , 7.079458 , 7.079458 , 14.158916 , 1 , 2.000000 
1717603041 , 86 , 66 , 10.000000 , 3.548134 , 13.548134 , 1 , 3.000000 
1717603045 , 82 , 70 , 6.309573 , 5.623413 , 11.932987 , 1 , 4.000000 
1717603049 , 81 , 63 , 5.623413 , 2.511886 , 8.135300 , 1 , 5.000000 
1717603054 , 84 , 64 , 7.943282 , 2.818383 , 10.761665 , 1 , 6.000000 
1717603060 , 81 , 63 , 5.623413 , 2.511886 , 8.135300 , 1 , 7.000000 
1717603064 , 80 , 64 , 5.011872 , 2.818383 , 7.830255 , 1 , 8.000000 
1717603069 , 84 , 68 , 7.943282 , 4.466836 , 12.410118 , 1 , 9.000000 
1717603074 , 83 , 66 , 7.079458 , 3.548134 , 10.627592 , 1 , 10.000000 
1717603078 , 83 , 69 , 7.079458 , 5.011872 , 12.091330 , 1 , 11.000000 
1717603083 , 82 , 69 , 6.309573 , 5.011872 , 11.321446 , 1 , 12.000000 
1717603087 , 80 , 68 , 5.011872 , 4.466836 , 9.478708 , 1 , 13.000000 
1717603091 , 83 , 66 , 7.079458 , 3.548134 , 10.627592 , 1 , 14.000000 
1717603096 , 81 , 68 , 5.623413 , 4.466836 , 10.090249 , 1 , 15.000000 
1717603101 , 81 , 63 , 5.623413 , 2.511886 , 8.135300 , 1 , 16.000000 
1717603107 , 89 , 62 , 14.125375 , 2.238721 , 16.364097 , 1 , 17.000000 
1717603111 , 83 , 66 , 7.079458 , 3.548134 , 10.627592 , 1 , 18.000000 
1717603117 , 87 , 69 , 11.220185 , 5.011872 , 16.232057 , 1 , 19.000000 
1717603121 , 82 , 66 , 6.309573 , 3.548134 , 9.857707 , 1 , 20.000000 
1717603125 , 77 , 70 , 3.548134 , 5.623413 , 9.171547 , 1 , 21.000000 
1717603130 , 77 , 1 , 3.548134 , 0.001995 , 3.550129 , 0 , 0.000000 
1717603135 , 78 , 1 , 3.981072 , 0.001995 , 3.983067 , 0 , 0.000000 
1717603140 , 78 , 1 , 3.981072 , 0.001995 , 3.983067 , 0 , 0.000000 
1717603144 , 77 , 1 , 3.548134 , 0.001995 , 3.550129 , 0 , 0.000000 
1717603149 , 88 , 1 , 12.589254 , 0.001995 , 12.591249 , 0 , 0.000000 
1717603154 , 88 , 1 , 12.589254 , 0.001995 , 12.591249 , 0 , 0.000000 
1717603160 , 91 , 1 , 17.782794 , 0.001995 , 17.784789 , 0 , 0.000000 
1717603165 , 79 , 1 , 4.466836 , 0.001995 , 4.468831 , 0 , 0.000000 
1717603170 , 85 , 1 , 8.912509 , 0.001995 , 8.914505 , 0 , 0.000000 
1717603175 , 85 , 1 , 8.912509 , 0.001995 , 8.914505 , 0 , 0.000000 
1717603179 , 84 , 1 , 7.943282 , 0.001995 , 7.945278 , 0 , 0.000000 
1717603184 , 85 , 1 , 8.912509 , 0.001995 , 8.914505 , 0 , 0.000000 
1717603190 , 89 , 1 , 14.125375 , 0.001995 , 14.127371 , 0 , 0.000000 
1717603195 , 90 , 1 , 15.848932 , 0.001995 , 15.850927 , 0 , 0.000000 
