time,RSSIDB,RSSIDC,DistDB,DistDC,DistBC,flying,Pos
1717504971 , 65 , 54 , 0.630957 , 2.238721 , 2.869678 , 1 , -1.434839 
1717504976 , 62 , 52 , 0.446683 , 1.778279 , 2.224963 , 1 , -1.112482 
1717504981 , 60 , 53 , 0.354813 , 1.995262 , 2.350076 , 1 , -1.175038 
1717504985 , 65 , 51 , 0.630957 , 1.584893 , 2.215851 , 1 , -1.107925 
1717504989 , 62 , 50 , 0.446683 , 1.412538 , 1.859221 , 1 , -0.929610 
1717504995 , 56 , 54 , 0.223872 , 2.238721 , 2.462593 , 1 , -1.231297 
1717504999 , 59 , 58 , 0.316227 , 3.548134 , 3.864362 , 1 , -1.932181 
1717505003 , 59 , 58 , 0.316227 , 3.548134 , 3.864362 , 1 , -1.932181 
1717505009 , 65 , 56 , 0.630957 , 2.818383 , 3.449340 , 1 , -1.724670 
1717505014 , 62 , 54 , 0.446683 , 2.238721 , 2.685405 , 1 , -1.342702 
1717505018 , 62 , 55 , 0.446683 , 2.511886 , 2.958570 , 1 , -1.479285 
1717505023 , 60 , 59 , 0.354813 , 3.981072 , 4.335885 , 1 , -2.167943 
1717505028 , 62 , 66 , 0.446683 , 8.912509 , 9.359193 , 1 , -4.679596 
1717505033 , 66 , 63 , 0.707945 , 6.309573 , 7.017519 , 1 , -3.508760 
1717505038 , 71 , 60 , 1.258925 , 4.466836 , 5.725761 , 1 , -2.862881 
1717505043 , 77 , 49 , 2.511886 , 1.258925 , 3.770812 , 1 , -1.885406 
1717505049 , 68 , 59 , 0.891250 , 3.981072 , 4.872323 , 1 , -2.436161 
1717505054 , 62 , 61 , 0.446683 , 5.011872 , 5.458556 , 1 , -2.729278 
1717505059 , 74 , 73 , 1.778279 , 19.952623 , 21.730903 , 1 , -10.865451 
1717505064 , 65 , 77 , 0.630957 , 31.622777 , 32.253734 , 1 , -16.126867 
1717505070 , 84 , 64 , 5.623413 , 7.079458 , 12.702871 , 1 , -6.351436 
1717505075 , 79 , 77 , 3.162278 , 31.622777 , 34.785054 , 1 , -17.392527 
1717505079 , 71 , 71 , 1.258925 , 15.848932 , 17.107857 , 1 , -8.553929 
1717505085 , 72 , 63 , 1.412538 , 6.309573 , 7.722111 , 1 , -3.861055 
1717505090 , 76 , 55 , 2.238721 , 2.511886 , 4.750608 , 1 , -2.375304 
1717505095 , 67 , 64 , 0.794328 , 7.079458 , 7.873786 , 1 , -3.936893 
1717505099 , 65 , 66 , 0.630957 , 8.912509 , 9.543467 , 1 , -4.771733 
1717505103 , 71 , 58 , 1.258925 , 3.548134 , 4.807059 , 1 , -2.403530 
1717505109 , 81 , 70 , 3.981072 , 14.125375 , 18.106447 , 1 , -9.053224 
1717505113 , 65 , 75 , 0.630957 , 25.118864 , 25.749822 , 1 , -12.874911 
1717505119 , 87 , 65 , 7.943282 , 7.943282 , 15.886565 , 1 , -7.943282 
1717505124 , 76 , 64 , 2.238721 , 7.079458 , 9.318179 , 1 , -4.659089 
1717505129 , 80 , 55 , 3.548134 , 2.511886 , 6.060020 , 1 , -3.030010 
1717505134 , 69 , 57 , 1.000000 , 3.162278 , 4.162278 , 1 , -2.081139 
1717505139 , 70 , 74 , 1.122018 , 22.387211 , 23.509230 , 1 , -11.754615 
1717505144 , 74 , 68 , 1.778279 , 11.220185 , 12.998464 , 1 , -6.499232 
1717505154 , 77 , 68 , 2.511886 , 11.220185 , 13.732071 , 1 , -6.866035 
1717505158 , 77 , 58 , 2.511886 , 3.548134 , 6.060020 , 1 , -3.030010 
1717505163 , 81 , 69 , 3.981072 , 12.589254 , 16.570326 , 1 , -8.285163 
1717505167 , 73 , 66 , 1.584893 , 8.912509 , 10.497403 , 1 , -5.248701 
1717505172 , 88 , 70 , 8.912509 , 14.125375 , 23.037885 , 1 , -11.518942 
1717505177 , 82 , 74 , 4.466836 , 22.387211 , 26.854047 , 1 , -13.427024 
1717505183 , 82 , 70 , 4.466836 , 14.125375 , 18.592211 , 1 , -9.296106 
1717505187 , 78 , 81 , 2.818383 , 50.118723 , 52.937106 , 1 , -26.468553 
1717505192 , 75 , 46 , 1.995262 , 0.891250 , 2.886513 , 1 , -1.443257 
1717505196 , 73 , 72 , 1.584893 , 17.782794 , 19.367687 , 1 , -9.683844 
1717505201 , 73 , 81 , 1.584893 , 50.118723 , 51.703617 , 1 , -25.851808 
1717505205 , 88 , 80 , 8.912509 , 44.668359 , 53.580869 , 1 , -26.790434 
1717505211 , 78 , 67 , 2.818383 , 10.000000 , 12.818383 , 1 , -6.409191 
1717505216 , 78 , 65 , 2.818383 , 7.943282 , 10.761665 , 1 , -5.380833 
1717505222 , 78 , 64 , 2.818383 , 7.079458 , 9.897841 , 1 , -4.948920 
1717505226 , 72 , 67 , 1.412538 , 10.000000 , 11.412538 , 1 , -5.706269 
1717505231 , 71 , 66 , 1.258925 , 8.912509 , 10.171435 , 1 , -5.085717 
1717505235 , 72 , 72 , 1.412538 , 17.782794 , 19.195332 , 1 , -9.597666 
1717505240 , 71 , 70 , 1.258925 , 14.125375 , 15.384301 , 1 , -7.692150 
1717505246 , 77 , 67 , 2.511886 , 10.000000 , 12.511886 , 1 , -6.255943 
1717505251 , 72 , 67 , 1.412538 , 10.000000 , 11.412538 , 1 , -5.706269 
1717505257 , 73 , 75 , 1.584893 , 25.118864 , 26.703758 , 1 , -13.351879 
1717505261 , 75 , 65 , 1.995262 , 7.943282 , 9.938545 , 1 , -4.969272 
1717505266 , 89 , 68 , 10.000000 , 11.220185 , 21.220185 , 1 , -10.610092 
1717505271 , 77 , 75 , 2.511886 , 25.118864 , 27.630751 , 1 , -13.815375 
1717505276 , 71 , 61 , 1.258925 , 5.011872 , 6.270798 , 1 , -3.135399 
1717505282 , 87 , 67 , 7.943282 , 10.000000 , 17.943282 , 1 , -8.971641 
1717505286 , 74 , 61 , 1.778279 , 5.011872 , 6.790152 , 1 , -3.395076 
1717505292 , 75 , 70 , 1.995262 , 14.125375 , 16.120638 , 1 , -8.060319 
1717505296 , 71 , 71 , 1.258925 , 15.848932 , 17.107857 , 1 , -8.553929 
1717505300 , 78 , 70 , 2.818383 , 14.125375 , 16.943758 , 1 , -8.471879 
1717505306 , 84 , 70 , 5.623413 , 14.125375 , 19.748789 , 1 , -9.874394 
1717505310 , 83 , 73 , 5.011872 , 19.952623 , 24.964495 , 1 , -12.482248 
1717505315 , 86 , 78 , 7.079458 , 35.481339 , 42.560797 , 1 , -21.280398 
1717505321 , 83 , 67 , 5.011872 , 10.000000 , 15.011872 , 1 , -7.505936 
1717505327 , 79 , 78 , 3.162278 , 35.481339 , 38.643617 , 1 , -19.321808 
1717505332 , 84 , 70 , 5.623413 , 14.125375 , 19.748789 , 1 , -9.874394 
1717505337 , 85 , 76 , 6.309573 , 28.183829 , 34.493403 , 1 , -17.246701 
1717505342 , 83 , 77 , 5.011872 , 31.622777 , 36.634649 , 1 , -18.317324 
1717505347 , 88 , 66 , 8.912509 , 8.912509 , 17.825019 , 1 , -8.912509 
1717505352 , 82 , 68 , 4.466836 , 11.220185 , 15.687020 , 1 , -7.843510 
1717505356 , 83 , 64 , 5.011872 , 7.079458 , 12.091330 , 1 , -6.045665 
1717505361 , 84 , 76 , 5.623413 , 28.183829 , 33.807243 , 1 , -16.903621 
1717505366 , 74 , 74 , 1.778279 , 22.387211 , 24.165491 , 1 , -12.082745 
1717505370 , 90 , 71 , 11.220185 , 15.848932 , 27.069116 , 1 , -13.534558 
1717505375 , 88 , 64 , 8.912509 , 7.079458 , 15.991967 , 1 , -7.995984 
1717505380 , 87 , 61 , 7.943282 , 5.011872 , 12.955155 , 1 , -6.477577 
1717505385 , 84 , 82 , 5.623413 , 56.234133 , 61.857546 , 1 , -30.928773 
1717505390 , 77 , 96 , 2.511886 , 281.838293 , 284.350180 , 1 , -142.175090 
1717505395 , 76 , 82 , 2.238721 , 56.234133 , 58.472854 , 1 , -29.236427 
1717505400 , 81 , 82 , 3.981072 , 56.234133 , 60.215204 , 1 , -30.107602 
1717505406 , 79 , 89 , 3.162278 , 125.892541 , 129.054819 , 1 , -64.527409 
1717505411 , 87 , 89 , 7.943282 , 125.892541 , 133.835824 , 1 , -66.917912 
1717505415 , 83 , 92 , 5.011872 , 177.827941 , 182.839813 , 1 , -91.419907 
