C,RSSI,relayOn,sent,rec
232,-67,1,232,232,0
233,-74,1,233,233,0
234,-74,1,234,234,0
235,-74,1,235,235,0
236,-74,1,236,236,0
237,-74,1,237,237,0
238,-74,1,238,238,0
239,-74,1,239,239,0
240,-74,1,240,240,0
241,-74,1,241,241,0
242,-74,1,242,242,0
243,-74,1,243,243,0
244,-74,1,244,244,0
245,-74,1,245,245,0
246,-74,1,246,246,0
247,-74,1,247,247,0
248,-69,1,248,248,0
249,-69,1,249,249,0
250,-69,1,250,250,0
251,-69,1,251,251,0
252,-69,1,252,252,0
253,-69,1,253,253,0
254,-76,1,254,254,0
255,-76,1,255,255,0
256,-76,1,256,256,0
257,-76,1,257,257,0
258,-76,1,258,258,0
259,-76,1,259,259,0
260,-76,1,260,260,0
261,-76,1,261,261,0
262,-76,1,262,262,0
263,-73,1,263,263,0
264,-73,1,264,264,0
265,-73,1,265,265,0
266,-73,1,266,266,0
267,-73,1,267,267,0
268,-73,1,268,268,0
269,-73,1,269,269,0
270,-70,1,270,270,0
271,-70,1,271,271,0
272,-70,1,272,272,0
273,-70,1,273,273,0
274,-70,1,274,274,0
275,-70,1,275,275,0
276,-70,1,276,276,0
277,-70,1,277,277,0
278,-70,1,278,278,0
279,-70,1,279,279,0
280,-73,1,280,280,0
281,-73,1,281,281,0
282,-73,1,282,282,0
283,-73,1,283,283,0
284,-73,1,284,284,0
285,-73,1,285,285,0
286,-75,1,286,286,0
287,-75,1,287,287,0
288,-75,1,288,288,0
289,-75,1,289,289,0
290,-75,1,290,290,0
291,-75,1,291,291,0
292,-75,1,292,292,0
293,-81,1,293,293,0
294,-81,1,294,294,0
295,-81,1,295,295,0
296,-81,1,296,296,0
297,-81,1,297,297,0
298,-81,1,298,298,0
299,-75,1,299,299,0
300,-75,1,300,300,0
301,-75,1,301,301,0
302,-75,1,302,302,0
303,-75,1,303,303,0
304,-75,1,304,304,0
305,-75,1,305,305,0
306,-75,1,306,306,0
307,-75,1,307,307,0
308,-75,1,308,308,0
309,-83,1,309,309,0
310,-83,1,310,310,0
311,-83,1,311,311,0
312,-83,1,312,312,0
313,-83,1,313,313,0
314,-83,1,314,314,0
315,-83,1,315,315,0
316,-83,1,316,316,0
317,-83,1,317,317,0
318,-81,1,318,318,0
319,-81,1,319,319,0
320,-81,1,320,320,0
321,-81,1,321,321,0
322,-81,1,322,322,0
323,-81,1,323,323,0
324,-81,1,324,324,0
325,-81,1,325,325,0
326,-76,1,326,326,0
327,-76,1,327,327,0
328,-76,1,328,328,0
329,-76,1,329,329,0
330,-76,1,330,329,0
331,-76,1,331,329,0
332,-76,1,332,329,0
333,-76,1,333,333,0
334,-76,1,334,334,0
335,-76,1,335,335,0
336,-76,1,336,336,0
337,-76,1,337,337,0
338,-76,1,338,338,0
339,-76,1,339,339,0
340,-76,1,340,340,0
341,-80,1,341,341,0
342,-80,1,342,342,0
343,-80,1,343,343,0
344,-80,1,344,344,0
345,-80,1,345,345,0
346,-80,1,346,346,0
347,-88,1,347,347,0
348,-88,1,348,348,0
349,-88,1,349,349,0
350,-88,1,350,350,0
351,-88,1,351,351,0
352,-88,1,352,352,0
353,-88,1,353,353,0
354,-88,1,354,354,0
355,-88,1,355,355,0
356,-92,1,356,356,0
357,-92,1,357,357,0
358,-92,1,358,358,0
359,-92,1,359,359,0
360,-92,1,360,360,0
361,-92,1,361,361,0
362,-92,1,362,362,0
363,-72,1,363,363,0
364,-72,1,364,364,0
365,-72,1,365,365,0
366,-72,1,366,366,0
367,-72,1,367,367,0
368,-72,1,368,368,0
369,-72,1,369,369,0
370,-72,1,370,370,0
371,-83,1,371,371,0
372,-83,1,372,372,0
373,-83,1,373,373,0
374,-83,1,374,374,0
375,-83,1,375,375,0
376,-83,1,376,376,0
377,-83,1,377,377,0
378,-82,1,378,378,0
379,-82,1,379,379,0
380,-82,1,380,380,0
381,-82,1,381,381,0
382,-82,1,382,382,0
383,-82,1,383,383,0
384,-82,1,384,384,0
385,-82,1,385,385,0
386,-82,1,386,386,0
387,-82,1,387,387,0
388,-82,1,388,388,0
389,-82,1,389,389,0
390,-82,1,390,390,0
391,-77,1,391,391,0
392,-77,1,392,392,0
393,-77,1,393,393,0
394,-77,1,394,394,0
395,-77,1,395,395,0
396,-77,1,396,396,0
397,-77,1,397,397,0
398,-77,1,398,398,0
399,-77,1,399,399,0
400,-77,1,400,400,0
401,-77,1,401,401,0
402,-77,1,402,402,0
403,-77,1,403,403,0
404,-77,1,404,404,0
405,-77,1,405,405,0
406,-77,1,406,406,0
407,-77,1,407,407,0
408,-77,1,408,408,0
409,-77,1,409,409,0
410,-77,1,410,410,0
411,-77,1,411,411,0
412,-83,1,412,412,0
413,-83,1,413,413,0
414,-83,1,414,414,0
415,-86,1,415,415,0
416,-86,1,416,416,0
417,-86,1,417,417,0
418,-86,1,418,418,0
419,-86,1,419,419,0
420,-86,1,420,420,0
421,-86,1,421,421,0
422,-86,1,422,422,0
423,-86,1,423,423,0
424,-86,1,424,424,0
425,-86,1,425,425,0
426,-86,1,426,426,0
427,-86,1,427,427,0
428,-86,1,428,428,0
429,-86,1,429,429,0
430,-86,1,430,430,0
431,-86,1,431,431,0
432,-86,1,432,432,0
433,-86,1,433,433,0
434,-86,1,434,434,0
435,-86,1,435,435,0
436,-86,1,436,436,0
437,-86,1,437,437,0
438,-86,1,438,438,0
439,-76,1,439,439,0
440,-76,1,440,440,0
441,-76,1,441,441,0
442,-76,1,442,442,0
443,-76,1,443,443,0
444,-76,1,444,444,0
445,-76,1,445,445,0
446,-76,1,446,446,0
447,-76,1,447,447,0
448,-76,1,448,448,0
449,-76,1,449,449,0
450,-76,1,450,449,0
451,-76,1,451,449,0
452,-100,0,452,449,0
453,-100,1,453,449,0
454,-100,1,454,449,0
455,-100,0,455,450,0
456,-100,1,456,450,0
457,-100,1,457,450,0
458,-100,0,458,450,0
459,-96,0,459,453,0
460,-96,1,460,453,0
461,-96,0,461,455,0
