C,RSSI,relayOn,sent,rec
11,-70,0,11,11,0
12,-67,0,12,12,0
13,-64,0,13,13,0
14,-64,0,14,14,0
15,-64,0,15,15,0
16,-64,1,16,16,0
17,-67,1,17,17,0
18,-66,1,18,18,0
19,-66,1,19,19,0
20,-66,1,20,20,0
21,-66,1,21,21,0
22,-66,1,22,22,0
23,-72,1,23,23,0
24,-72,1,24,24,0
25,-72,1,25,25,0
26,-72,1,26,26,0
27,-70,1,27,27,0
28,-70,1,28,28,0
29,-70,1,29,29,0
30,-70,1,30,30,0
31,-70,1,31,31,0
32,-70,1,32,32,0
33,-70,1,33,33,0
34,-70,1,34,33,0
35,-70,1,35,33,0
36,-70,1,36,33,0
37,-70,0,37,34,0
38,-70,0,38,35,0
39,-70,0,39,36,0
40,-74,0,40,38,0
41,-74,1,41,41,0
42,-75,1,42,42,0
43,-74,1,43,43,0
44,-74,1,44,44,0
45,-74,1,45,45,0
46,-74,1,46,46,0
47,-76,1,47,47,0
48,-76,1,48,48,0
49,-76,1,49,49,0
50,-76,1,50,50,0
51,-76,1,51,51,0
52,-76,1,52,52,0
53,-76,1,53,53,0
54,-76,1,54,54,0
55,-84,1,55,55,0
56,-84,1,56,56,0
57,-84,1,57,57,0
58,-84,1,58,58,0
59,-87,1,59,59,0
60,-87,1,60,60,0
61,-87,1,61,61,0
62,-82,1,62,62,0
63,-82,1,63,63,0
64,-82,1,64,64,0
65,-82,1,65,65,0
66,-82,1,66,66,0
67,-82,1,67,67,0
68,-83,1,68,68,0
69,-83,1,69,69,0
70,-83,1,70,70,0
71,-83,1,71,71,0
72,-83,1,72,72,0
73,-83,1,73,73,0
74,-82,1,74,74,0
75,-82,1,75,75,0
76,-82,1,76,76,0
77,-82,1,77,77,0
78,-82,1,78,78,0
79,-82,1,79,79,0
80,-82,1,80,80,0
81,-82,1,81,81,0
82,-82,1,82,82,0
83,-82,1,83,83,0
84,-82,1,84,84,0
85,-82,1,85,85,0
86,-81,1,86,86,0
87,-81,1,87,87,0
88,-81,1,88,88,0
89,-81,1,89,89,0
90,-81,1,90,90,0
91,-81,1,91,91,0
92,-81,1,92,92,0
93,-81,1,93,93,0
94,-76,1,94,94,0
95,-76,1,95,95,0
96,-76,1,96,96,0
97,-76,1,97,97,0
98,-76,1,98,98,0
99,-76,1,99,99,0
100,-74,1,100,100,0
101,-74,1,101,101,0
102,-74,1,102,102,0
103,-74,1,103,103,0
104,-74,1,104,104,0
105,-74,1,105,105,0
106,-74,1,106,106,0
107,-74,1,107,107,0
108,-74,1,108,108,0
109,-78,1,109,109,0
110,-78,0,110,110,0
111,-78,0,111,111,0
112,-78,1,112,112,0
113,-78,1,113,113,0
114,-78,1,114,114,0
115,-78,1,115,115,0
116,-78,1,116,116,0
117,-80,1,117,117,0
118,-80,1,118,118,0
119,-80,1,119,119,0
120,-80,1,120,120,0
121,-80,1,121,121,0
122,-80,1,122,122,0
123,-82,1,123,123,0
124,-82,1,124,124,0
125,-82,1,125,125,0
126,-82,1,126,126,0
127,-82,1,127,127,0
128,-82,1,128,128,0
129,-82,1,129,129,0
130,-78,1,130,130,0
131,-78,1,131,131,0
132,-78,1,132,132,0
133,-78,1,133,133,0
134,-78,1,134,134,0
135,-78,1,135,135,0
136,-78,1,136,136,0
137,-80,1,137,137,0
138,-80,1,138,138,0
139,-80,1,139,139,0
140,-80,1,140,140,0
141,-80,1,141,141,0
142,-80,1,142,142,0
143,-80,1,143,143,0
144,-81,1,144,144,0
145,-81,1,145,145,0
146,-81,1,146,146,0
147,-81,1,147,147,0
148,-81,1,148,148,0
149,-81,1,149,149,0
150,-81,1,150,150,0
151,-81,1,151,151,0
152,-81,1,152,152,0
153,-81,1,153,153,0
154,-81,1,154,154,0
155,-81,1,155,155,0
156,-81,1,156,156,0
157,-81,1,157,157,0
158,-81,1,158,158,0
159,-80,1,159,159,0
160,-80,0,160,160,0
161,-80,1,161,161,0
162,-80,1,162,161,0
163,-80,1,163,161,0
164,-80,0,164,161,0
165,-82,0,165,161,0
166,-82,0,166,165,0
167,-82,0,167,166,0
168,-82,0,168,167,0
169,-82,0,169,168,0
170,-82,0,170,169,0
171,-82,0,171,170,0
172,-85,0,172,171,0
173,-85,0,173,172,0
174,-85,0,174,172,0
175,-85,0,175,172,0
176,-85,0,176,172,0
177,-85,0,177,172,0
178,-85,0,178,175,0
179,-83,0,179,177,0
180,-83,0,180,177,0
181,-83,0,181,177,0
182,-83,0,182,181,0
183,-83,0,183,182,0
184,-83,0,184,183,0
185,-83,0,185,184,0
186,-83,0,186,185,0
187,-83,0,187,186,0
188,-83,0,188,187,0
189,-83,0,189,188,0
190,-83,0,190,189,0
191,-84,0,191,190,0
192,-86,0,192,191,0
193,-86,0,193,192,0
194,-86,0,194,193,0
195,-86,0,195,194,0
196,-86,0,196,194,0
197,-86,1,197,194,0
198,-84,0,198,194,0
199,-84,0,199,194,0
200,-84,1,200,194,0
201,-84,0,201,194,0
202,-84,0,202,194,0
203,-84,1,203,194,0
204,-84,1,204,194,0
205,-88,0,205,194,0
206,-88,0,206,194,0
207,-88,0,207,194,0
208,-88,0,208,194,0
209,-88,0,209,194,0
210,-88,0,210,194,0
211,-88,0,211,194,0
212,-84,0,212,194,0
213,-84,0,213,194,0
214,-84,1,214,194,0
215,-84,0,215,194,0
216,-84,0,216,194,0
217,-84,0,217,194,0
218,-84,0,218,194,0
219,-84,0,219,194,0
220,-90,0,220,194,0
221,-90,0,221,194,0
222,-90,0,222,194,0
223,-90,0,223,194,0
224,-90,0,224,194,0
225,-90,0,225,194,0
226,-90,0,226,194,0
227,-89,0,227,194,0
228,-91,0,228,194,0
229,-91,0,229,194,0
230,-91,1,230,194,0
