53,63,1
54,62,1
55,66,1
56,66,1
57,78,1
58,74,1
59,61,1
60,55,72,0.891251,2.371374,1.480123,-
61,54,75,0.841395,2.818383,1.976988,-
62,54,73,0.841395,2.511886,1.670491,-
63,55,64,0.891251,1.496236,0.604985,-
64,58,61,1.059254,1.258925,0.199672,s
65,73,56,2.511886,0.944061,1.567826,+
66,69,58,1.995262,1.059254,0.936009,+
67,60,57,1.188502,1.000000,0.188502,s
68,56,60,0.944061,1.188502,0.244441,s
69,63,60,1.412538,1.188502,0.224035,s
70,63,61,1.412538,1.258925,0.153612,s
71,62,64,1.333521,1.496236,0.162714,s
72,61,63,1.258925,1.412538,0.153612,s
73,61,62,1.258925,1.333521,0.074596,s
74,61,64,1.258925,1.496236,0.237310,s
75,61,64,1.258925,1.496236,0.237310,s
76,61,62,1.258925,1.333521,0.074596,s
77,63,60,1.412538,1.188502,0.224035,s
78,61,61,1.258925,1.258925,s
79,58,63,1.059254,1.412538,0.353284,s
80,60,63,1.188502,1.412538,0.224035,s
81,61,62,1.258925,1.333521,0.074596,s
82,61,61,1.258925,1.258925,s
83,58,61,1.059254,1.258925,0.199672,s
84,60,58,1.188502,1.059254,0.129248,s
85,60,59,1.188502,1.122018,0.066484,s
86,60,61,1.188502,1.258925,0.070423,s
87,60,60,1.188502,1.188502,s
88,60,60,1.188502,1.188502,s
89,61,61,1.258925,1.258925,s
90,58,66,1.059254,1.678804,0.619550,-
91,61,64,1.258925,1.496236,0.237310,s
92,61,64,1.258925,1.496236,0.237310,s
93,61,64,1.258925,1.496236,0.237310,s
94,63,61,1.412538,1.258925,0.153612,s
95,58,54,1.059254,0.841395,0.217859,s
96,58,54,1.059254,0.841395,0.217859,s
